#	 ____COIN_PROBE____
#	 ____COIN_PROBE____
#	 ____COIN_PROBE____
#	 start time:19-02-12 11:30:38
[100.0, 100.0, 31.983]
[100.0, 102.0, 31.989]
[100.0, 104.0, 31.991]
[100.0, 106.0, 32.002]
[100.0, 108.0, 30.412]
[100.0, 110.0, 30.425]
[100.0, 112.0, 30.431]
[100.0, 114.0, 30.444]
[100.0, 116.0, 32.043]
[100.0, 118.0, 32.056]
[102.0, 100.0, 31.966]
[102.0, 102.0, 31.977]
[102.0, 104.0, 30.406]
[102.0, 106.0, 30.625]
[102.0, 108.0, 30.591]
[102.0, 110.0, 30.604]
[102.0, 112.0, 30.637]
[102.0, 114.0, 30.66]
[102.0, 116.0, 30.671]
[102.0, 118.0, 30.464]
[104.0, 100.0, 31.972]
[104.0, 102.0, 30.437]
[104.0, 104.0, 30.602]
[104.0, 106.0, 30.604]
[104.0, 108.0, 30.675]
[104.0, 110.0, 30.694]
[104.0, 112.0, 30.7]
[104.0, 114.0, 30.706]
[104.0, 116.0, 30.652]
[104.0, 118.0, 30.65]
[106.0, 100.0, 30.41]
[106.0, 102.0, 30.608]
[106.0, 104.0, 30.669]
[106.0, 106.0, 30.679]
[106.0, 108.0, 30.681]
[106.0, 110.0, 30.683]
[106.0, 112.0, 30.691]
[106.0, 114.0, 30.706]
[106.0, 116.0, 30.666]
[106.0, 118.0, 30.733]
[108.0, 100.0, 30.554]
[108.0, 102.0, 30.604]
#	 ____COIN_PROBE____
#	 start time:19-02-12 12:01:29
[100.0, 100.0, 32.225]
#	 ____COIN_PROBE____
#	 ____COIN_PROBE____
#	 start time:19-02-12 12:07:53
[100.0, 100.0, 32.229]
[100.0, 103.0, 32.241]
[100.0, 106.0, 32.254]
[100.0, 109.0, 32.266]
[100.0, 112.0, 32.272]
[100.0, 115.0, 32.291]
[100.0, 118.0, 32.308]
[100.0, 121.0, 32.314]
[100.0, 124.0, 32.32]
[100.0, 127.0, 32.343]
[103.0, 100.0, 32.216]
[103.0, 103.0, 32.235]
[103.0, 106.0, 32.249]
[103.0, 109.0, 30.704]
[103.0, 112.0, 30.854]
[103.0, 115.0, 30.927]
[103.0, 118.0, 30.933]
[103.0, 121.0, 30.727]
[103.0, 124.0, 32.327]
[103.0, 127.0, 32.341]
[106.0, 100.0, 32.218]
[106.0, 103.0, 32.247]
[106.0, 106.0, 32.249]
[106.0, 109.0, 30.896]
[106.0, 112.0, 30.944]
[106.0, 115.0, 30.958]
[106.0, 118.0, 30.973]
[106.0, 121.0, 30.906]
[106.0, 124.0, 30.85]
[106.0, 127.0, 32.352]
[109.0, 100.0, 32.227]
[109.0, 103.0, 32.239]
[109.0, 106.0, 30.829]
[109.0, 109.0, 30.925]
[109.0, 112.0, 30.937]
[109.0, 115.0, 30.875]
[109.0, 118.0, 30.902]
[109.0, 121.0, 30.977]
[109.0, 124.0, 30.935]
[109.0, 127.0, 30.756]
[112.0, 100.0, 32.22]
[112.0, 103.0, 32.239]
[112.0, 106.0, 30.829]
[112.0, 109.0, 30.844]
[112.0, 112.0, 30.808]
[112.0, 115.0, 30.81]
[112.0, 118.0, 30.816]
[112.0, 121.0, 30.839]
[112.0, 124.0, 30.991]
[112.0, 127.0, 30.966]
[115.0, 100.0, 32.22]
[115.0, 103.0, 32.239]
[115.0, 106.0, 30.696]
[115.0, 109.0, 30.846]
[115.0, 112.0, 30.798]
[115.0, 115.0, 30.791]
[115.0, 118.0, 30.873]
[115.0, 121.0, 30.839]
[115.0, 124.0, 30.998]
[115.0, 127.0, 30.966]
[118.0, 100.0, 32.214]
[118.0, 103.0, 32.235]
[118.0, 106.0, 32.247]
[118.0, 109.0, 30.891]
[118.0, 112.0, 30.948]
[118.0, 115.0, 30.95]
[118.0, 118.0, 30.962]
[118.0, 121.0, 30.985]
[118.0, 124.0, 30.95]
[118.0, 127.0, 30.754]
[121.0, 100.0, 32.218]
[121.0, 103.0, 32.241]
[121.0, 106.0, 32.258]
[121.0, 109.0, 30.702]
[121.0, 112.0, 30.935]
[121.0, 115.0, 30.962]
[121.0, 118.0, 30.906]
[121.0, 121.0, 30.902]
[121.0, 124.0, 30.76]
[121.0, 127.0, 32.343]
[124.0, 100.0, 32.218]
[124.0, 103.0, 32.235]
[124.0, 106.0, 32.249]
[124.0, 109.0, 32.262]
[124.0, 112.0, 32.277]
[124.0, 115.0, 30.698]
[124.0, 118.0, 30.708]
[124.0, 121.0, 32.318]
[124.0, 124.0, 32.331]
[124.0, 127.0, 32.347]
[127.0, 100.0, 32.224]
[127.0, 103.0, 32.239]
[127.0, 106.0, 32.254]
[127.0, 109.0, 32.26]
[127.0, 112.0, 32.281]
[127.0, 115.0, 32.289]
[127.0, 118.0, 32.306]
[127.0, 121.0, 32.322]
[127.0, 124.0, 32.333]
[127.0, 127.0, 32.352]
#	 ____COIN_PROBE____
