#	 ____COIN_PROBE____
#	 ____COIN_PROBE____
#	 start time:19-02-12 12:37:02
[100.0, 100.0, 32.21]
[100.0, 101.0, 32.216]
[100.0, 102.0, 32.226]
[100.0, 103.0, 32.224]
[100.0, 104.0, 32.228]
[100.0, 105.0, 32.23]
[100.0, 106.0, 32.241]
[100.0, 107.0, 32.247]
[100.0, 108.0, 32.243]
[100.0, 109.0, 32.241]
[100.0, 110.0, 32.245]
[100.0, 111.0, 32.253]
[100.0, 112.0, 32.26]
[100.0, 113.0, 32.268]
[100.0, 114.0, 32.27]
[100.0, 115.0, 32.276]
[100.0, 116.0, 32.285]
[100.0, 117.0, 32.287]
[100.0, 118.0, 32.289]
[100.0, 119.0, 32.293]
[100.0, 120.0, 32.289]
[100.0, 121.0, 32.299]
[100.0, 122.0, 32.303]
[100.0, 123.0, 32.301]
[100.0, 124.0, 32.303]
[100.0, 125.0, 32.31]
[100.0, 126.0, 32.318]
[100.0, 127.0, 32.32]
[100.0, 128.0, 32.33]
[100.0, 129.0, 32.332]
[101.0, 100.0, 32.189]
[101.0, 101.0, 32.195]
[101.0, 102.0, 32.199]
[101.0, 103.0, 32.212]
[101.0, 104.0, 32.222]
[101.0, 105.0, 32.22]
[101.0, 106.0, 32.226]
[101.0, 107.0, 32.224]
[101.0, 108.0, 32.228]
[101.0, 109.0, 32.232]
[101.0, 110.0, 32.235]
[101.0, 111.0, 32.239]
[101.0, 112.0, 32.243]
[101.0, 113.0, 32.245]
[101.0, 114.0, 32.253]
[101.0, 115.0, 32.264]
[101.0, 116.0, 32.268]
[101.0, 117.0, 32.268]
[101.0, 118.0, 32.276]
[101.0, 119.0, 32.282]
[101.0, 120.0, 32.291]
[101.0, 121.0, 32.291]
[101.0, 122.0, 32.291]
[101.0, 123.0, 32.297]
[101.0, 124.0, 32.301]
[101.0, 125.0, 32.303]
[101.0, 126.0, 32.305]
[101.0, 127.0, 32.31]
[101.0, 128.0, 32.316]
[101.0, 129.0, 32.322]
[102.0, 100.0, 32.191]
[102.0, 101.0, 32.197]
[102.0, 102.0, 32.201]
[102.0, 103.0, 32.197]
[102.0, 104.0, 32.205]
[102.0, 105.0, 32.21]
[102.0, 106.0, 32.214]
[102.0, 107.0, 32.222]
[102.0, 108.0, 32.222]
[102.0, 109.0, 32.226]
[102.0, 110.0, 32.23]
[102.0, 111.0, 32.232]
[102.0, 112.0, 30.668]
[102.0, 113.0, 30.65]
[102.0, 114.0, 30.652]
[102.0, 115.0, 30.702]
[102.0, 116.0, 30.791]
[102.0, 117.0, 30.789]
[102.0, 118.0, 30.752]
[102.0, 119.0, 30.691]
[102.0, 120.0, 30.697]
[102.0, 121.0, 30.724]
[102.0, 122.0, 32.291]
[102.0, 123.0, 32.289]
[102.0, 124.0, 32.293]
[102.0, 125.0, 32.297]
[102.0, 126.0, 32.301]
[102.0, 127.0, 32.312]
[102.0, 128.0, 32.312]
[102.0, 129.0, 32.307]
[103.0, 100.0, 32.189]
[103.0, 101.0, 32.197]
[103.0, 102.0, 32.203]
[103.0, 103.0, 32.199]
[103.0, 104.0, 32.203]
[103.0, 105.0, 32.214]
[103.0, 106.0, 32.224]
[103.0, 107.0, 32.214]
[103.0, 108.0, 32.222]
[103.0, 109.0, 32.226]
[103.0, 110.0, 32.239]
[103.0, 111.0, 30.652]
[103.0, 112.0, 30.72]
[103.0, 113.0, 30.814]
[103.0, 114.0, 30.881]
[103.0, 115.0, 30.887]
[103.0, 116.0, 30.845]
[103.0, 117.0, 30.902]
[103.0, 118.0, 30.868]
[103.0, 119.0, 30.91]
[103.0, 120.0, 30.912]
[103.0, 121.0, 30.849]
[103.0, 122.0, 30.808]
[103.0, 123.0, 30.702]
[103.0, 124.0, 32.297]
[103.0, 125.0, 32.299]
[103.0, 126.0, 32.31]
[103.0, 127.0, 32.31]
[103.0, 128.0, 32.314]
[103.0, 129.0, 32.31]
[104.0, 100.0, 32.189]
[104.0, 101.0, 32.187]
[104.0, 102.0, 32.197]
[104.0, 103.0, 32.205]
[104.0, 104.0, 32.205]
[104.0, 105.0, 32.21]
[104.0, 106.0, 32.214]
[104.0, 107.0, 32.224]
[104.0, 108.0, 32.224]
[104.0, 109.0, 32.228]
[104.0, 110.0, 30.65]
[104.0, 111.0, 30.793]
[104.0, 112.0, 30.87]
[104.0, 113.0, 30.858]
[104.0, 114.0, 30.841]
[104.0, 115.0, 30.837]
[104.0, 116.0, 30.862]
[104.0, 117.0, 30.849]
[104.0, 118.0, 30.86]
[104.0, 119.0, 30.868]
[104.0, 120.0, 30.854]
[104.0, 121.0, 30.883]
[104.0, 122.0, 30.912]
[104.0, 123.0, 30.92]
[104.0, 124.0, 30.816]
[104.0, 125.0, 30.718]
[104.0, 126.0, 32.31]
[104.0, 127.0, 32.312]
[104.0, 128.0, 32.31]
[104.0, 129.0, 32.314]
[105.0, 100.0, 32.174]
[105.0, 101.0, 32.187]
[105.0, 102.0, 32.193]
[105.0, 103.0, 32.195]
[105.0, 104.0, 32.195]
[105.0, 105.0, 32.207]
[105.0, 106.0, 32.214]
[105.0, 107.0, 32.222]
[105.0, 108.0, 32.226]
[105.0, 109.0, 32.222]
[105.0, 110.0, 30.654]
[105.0, 111.0, 30.797]
[105.0, 112.0, 30.868]
[105.0, 113.0, 30.849]
[105.0, 114.0, 30.837]
[105.0, 115.0, 30.891]
[105.0, 116.0, 30.914]
[105.0, 117.0, 30.92]
[105.0, 118.0, 30.927]
[105.0, 119.0, 30.931]
[105.0, 120.0, 30.937]
[105.0, 121.0, 30.943]
[105.0, 122.0, 30.918]
[105.0, 123.0, 30.874]
[105.0, 124.0, 30.924]
[105.0, 125.0, 30.939]
[105.0, 126.0, 30.829]
[105.0, 127.0, 30.712]
[105.0, 128.0, 32.307]
[105.0, 129.0, 32.307]
[106.0, 100.0, 32.18]
[106.0, 101.0, 32.182]
[106.0, 102.0, 32.191]
[106.0, 103.0, 32.195]
[106.0, 104.0, 32.203]
[106.0, 105.0, 32.203]
[106.0, 106.0, 32.21]
[106.0, 107.0, 32.214]
[106.0, 108.0, 32.224]
[106.0, 109.0, 32.226]
[106.0, 110.0, 30.664]
[106.0, 111.0, 30.814]
[106.0, 112.0, 30.874]
[106.0, 113.0, 30.833]
[106.0, 114.0, 30.872]
[106.0, 115.0, 30.912]
[106.0, 116.0, 30.918]
[106.0, 117.0, 30.922]
[106.0, 118.0, 30.931]
[106.0, 119.0, 30.937]
[106.0, 120.0, 30.941]
[106.0, 121.0, 30.945]
[106.0, 122.0, 30.949]
[106.0, 123.0, 30.952]
[106.0, 124.0, 30.918]
[106.0, 125.0, 30.879]
[106.0, 126.0, 30.941]
[106.0, 127.0, 30.87]
[106.0, 128.0, 30.716]
[106.0, 129.0, 32.316]
[107.0, 100.0, 32.18]
[107.0, 101.0, 32.187]
[107.0, 102.0, 32.191]
[107.0, 103.0, 32.195]
[107.0, 104.0, 32.201]
[107.0, 105.0, 32.205]
[107.0, 106.0, 32.21]
[107.0, 107.0, 32.216]
[107.0, 108.0, 32.22]
[107.0, 109.0, 30.658]
[107.0, 110.0, 30.781]
[107.0, 111.0, 30.854]
[107.0, 112.0, 30.893]
[107.0, 113.0, 30.908]
[107.0, 114.0, 30.908]
[107.0, 115.0, 30.914]
[107.0, 116.0, 30.916]
[107.0, 117.0, 30.918]
[107.0, 118.0, 30.924]
[107.0, 119.0, 30.931]
[107.0, 120.0, 30.935]
[107.0, 121.0, 30.943]
[107.0, 122.0, 30.949]
[107.0, 123.0, 30.949]
[107.0, 124.0, 30.958]
[107.0, 125.0, 30.958]
[107.0, 126.0, 30.889]
[107.0, 127.0, 30.941]
[107.0, 128.0, 30.829]
[107.0, 129.0, 30.731]
[108.0, 100.0, 32.178]
[108.0, 101.0, 32.182]
[108.0, 102.0, 32.185]
[108.0, 103.0, 32.191]
[108.0, 104.0, 32.199]
[108.0, 105.0, 32.201]
[108.0, 106.0, 32.212]
[108.0, 107.0, 32.216]
[108.0, 108.0, 32.22]
[108.0, 109.0, 30.664]
[108.0, 110.0, 30.86]
[108.0, 111.0, 30.885]
[108.0, 112.0, 30.872]
[108.0, 113.0, 30.904]
[108.0, 114.0, 30.906]
[108.0, 115.0, 30.908]
[108.0, 116.0, 30.91]
[108.0, 117.0, 30.914]
[108.0, 118.0, 30.91]
[108.0, 119.0, 30.916]
[108.0, 120.0, 30.927]
[108.0, 121.0, 30.931]
[108.0, 122.0, 30.941]
[108.0, 123.0, 30.947]
[108.0, 124.0, 30.958]
[108.0, 125.0, 30.96]
[108.0, 126.0, 30.912]
[108.0, 127.0, 30.904]
[108.0, 128.0, 30.929]
[108.0, 129.0, 30.831]
[109.0, 100.0, 32.174]
[109.0, 101.0, 32.185]
[109.0, 102.0, 32.187]
[109.0, 103.0, 32.189]
[109.0, 104.0, 32.195]
[109.0, 105.0, 32.205]
[109.0, 106.0, 32.21]
[109.0, 107.0, 32.21]
[109.0, 108.0, 32.216]
[109.0, 109.0, 30.66]
[109.0, 110.0, 30.866]
[109.0, 111.0, 30.866]
[109.0, 112.0, 30.824]
[109.0, 113.0, 30.902]
[109.0, 114.0, 30.906]
[109.0, 115.0, 30.902]
[109.0, 116.0, 30.902]
[109.0, 117.0, 30.904]
[109.0, 118.0, 30.906]
[109.0, 119.0, 30.862]
[109.0, 120.0, 30.822]
[109.0, 121.0, 30.804]
[109.0, 122.0, 30.849]
[109.0, 123.0, 30.881]
[109.0, 124.0, 30.947]
[109.0, 125.0, 30.96]
[109.0, 126.0, 30.962]
[109.0, 127.0, 30.931]
[109.0, 128.0, 30.899]
[109.0, 129.0, 30.933]
[110.0, 100.0, 32.174]
[110.0, 101.0, 32.182]
[110.0, 102.0, 32.187]
[110.0, 103.0, 32.189]
[110.0, 104.0, 32.193]
[110.0, 105.0, 32.201]
[110.0, 106.0, 32.21]
[110.0, 107.0, 32.207]
[110.0, 108.0, 30.666]
#	 ____COIN_PROBE____
#	 start time:19-02-12 14:55:24
[100.0, 100.0, 32.229]
[100.0, 101.0, 32.239]
[100.0, 102.0, 32.247]
[100.0, 103.0, 32.247]
[100.0, 104.0, 32.249]
[100.0, 105.0, 32.254]
[100.0, 106.0, 32.26]
[100.0, 107.0, 32.266]
[100.0, 108.0, 32.264]
[100.0, 109.0, 32.268]
[100.0, 110.0, 32.27]
[100.0, 111.0, 32.272]
[100.0, 112.0, 32.279]
[100.0, 113.0, 32.291]
[100.0, 114.0, 32.297]
[100.0, 115.0, 32.297]
[100.0, 116.0, 32.302]
[100.0, 117.0, 32.31]
[100.0, 118.0, 32.31]
[100.0, 119.0, 32.312]
[100.0, 120.0, 32.314]
[100.0, 121.0, 32.32]
[100.0, 122.0, 32.322]
[100.0, 123.0, 32.327]
[100.0, 124.0, 32.335]
[100.0, 125.0, 32.335]
[100.0, 126.0, 32.347]
[100.0, 127.0, 32.343]
[100.0, 128.0, 32.349]
[100.0, 129.0, 32.356]
[101.0, 100.0, 32.202]
[101.0, 101.0, 32.216]
[101.0, 102.0, 32.222]
[101.0, 103.0, 32.233]
[101.0, 104.0, 32.235]
[101.0, 105.0, 32.235]
[101.0, 106.0, 32.239]
[101.0, 107.0, 32.245]
[101.0, 108.0, 32.245]
[101.0, 109.0, 32.256]
[101.0, 110.0, 32.26]
[101.0, 111.0, 32.258]
[101.0, 112.0, 32.262]
[101.0, 113.0, 32.264]
[101.0, 114.0, 32.277]
[101.0, 115.0, 32.283]
[101.0, 116.0, 32.287]
[101.0, 117.0, 32.291]
[101.0, 118.0, 32.295]
[101.0, 119.0, 32.299]
[101.0, 120.0, 32.308]
[101.0, 121.0, 32.304]
[101.0, 122.0, 32.304]
[101.0, 123.0, 32.312]
[101.0, 124.0, 32.322]
[101.0, 125.0, 32.327]
[101.0, 126.0, 32.335]
[101.0, 127.0, 32.339]
[101.0, 128.0, 32.347]
[101.0, 129.0, 32.347]
[102.0, 100.0, 32.212]
[102.0, 101.0, 32.214]
[102.0, 102.0, 32.216]
[102.0, 103.0, 32.22]
[102.0, 104.0, 32.227]
[102.0, 105.0, 32.224]
[102.0, 106.0, 32.235]
[102.0, 107.0, 32.237]
[102.0, 108.0, 30.681]
[102.0, 109.0, 30.656]
[102.0, 110.0, 30.656]
[102.0, 111.0, 30.664]
[102.0, 112.0, 30.689]
[102.0, 113.0, 30.714]
[102.0, 114.0, 30.679]
[102.0, 115.0, 30.683]
[102.0, 116.0, 30.706]
[102.0, 117.0, 32.287]
[102.0, 118.0, 32.297]
[102.0, 119.0, 32.302]
[102.0, 120.0, 32.297]
[102.0, 121.0, 32.308]
[102.0, 122.0, 32.306]
[102.0, 123.0, 32.316]
[102.0, 124.0, 32.324]
[102.0, 125.0, 32.32]
[102.0, 126.0, 32.333]
[102.0, 127.0, 32.335]
[102.0, 128.0, 32.335]
[102.0, 129.0, 32.341]
[103.0, 100.0, 32.218]
[103.0, 101.0, 32.218]
[103.0, 102.0, 32.22]
[103.0, 103.0, 32.229]
[103.0, 104.0, 32.233]
[103.0, 105.0, 32.241]
[103.0, 106.0, 32.239]
[103.0, 107.0, 30.656]
[103.0, 108.0, 30.771]
[103.0, 109.0, 30.816]
[103.0, 110.0, 30.877]
[103.0, 111.0, 30.885]
[103.0, 112.0, 30.896]
[103.0, 113.0, 30.9]
[103.0, 114.0, 30.904]
[103.0, 115.0, 30.902]
[103.0, 116.0, 30.866]
[103.0, 117.0, 30.821]
[103.0, 118.0, 30.702]
[103.0, 119.0, 30.762]
[103.0, 120.0, 32.304]
[103.0, 121.0, 32.31]
[103.0, 122.0, 32.306]
[103.0, 123.0, 32.322]
[103.0, 124.0, 32.322]
[103.0, 125.0, 32.333]
[103.0, 126.0, 32.329]
[103.0, 127.0, 32.333]
[103.0, 128.0, 32.335]
[103.0, 129.0, 32.341]
[104.0, 100.0, 32.21]
[104.0, 101.0, 32.216]
[104.0, 102.0, 32.218]
[104.0, 103.0, 32.227]
[104.0, 104.0, 32.233]
[104.0, 105.0, 30.667]
[104.0, 106.0, 30.692]
[104.0, 107.0, 30.835]
[104.0, 108.0, 30.887]
[104.0, 109.0, 30.848]
[104.0, 110.0, 30.837]
[104.0, 111.0, 30.833]
[104.0, 112.0, 30.914]
[104.0, 113.0, 30.839]
[104.0, 114.0, 30.925]
[104.0, 115.0, 30.854]
[104.0, 116.0, 30.929]
[104.0, 117.0, 30.925]
[104.0, 118.0, 30.873]
[104.0, 119.0, 30.76]
[104.0, 120.0, 30.729]
[104.0, 121.0, 32.314]
[104.0, 122.0, 32.314]
[104.0, 123.0, 32.32]
[104.0, 124.0, 32.324]
[104.0, 125.0, 32.329]
[104.0, 126.0, 32.329]
[104.0, 127.0, 32.337]
[104.0, 128.0, 32.343]
[104.0, 129.0, 32.343]
[105.0, 100.0, 32.212]
[105.0, 101.0, 32.22]
[105.0, 102.0, 32.22]
[105.0, 103.0, 32.227]
[105.0, 104.0, 30.66]
[105.0, 105.0, 30.796]
[105.0, 106.0, 30.877]
[105.0, 107.0, 30.887]
[105.0, 108.0, 30.833]
[105.0, 109.0, 30.912]
[105.0, 110.0, 30.919]
[105.0, 111.0, 30.919]
[105.0, 112.0, 30.925]
[105.0, 113.0, 30.933]
[105.0, 114.0, 30.937]
[105.0, 115.0, 30.939]
[105.0, 116.0, 30.896]
[105.0, 117.0, 30.877]
[105.0, 118.0, 30.919]
[105.0, 119.0, 30.933]
[105.0, 120.0, 30.827]
[105.0, 121.0, 30.735]
[105.0, 122.0, 32.322]
[105.0, 123.0, 32.329]
[105.0, 124.0, 32.327]
[105.0, 125.0, 32.327]
[105.0, 126.0, 32.333]
[105.0, 127.0, 32.333]
[105.0, 128.0, 32.341]
[105.0, 129.0, 32.341]
[106.0, 100.0, 32.222]
[106.0, 101.0, 32.218]
[106.0, 102.0, 32.216]
[106.0, 103.0, 30.654]
[106.0, 104.0, 30.806]
[106.0, 105.0, 30.856]
[106.0, 106.0, 30.837]
[106.0, 107.0, 30.85]
[106.0, 108.0, 30.914]
[106.0, 109.0, 30.921]
[106.0, 110.0, 30.923]
[106.0, 111.0, 30.925]
[106.0, 112.0, 30.931]
[106.0, 113.0, 30.935]
[106.0, 114.0, 30.941]
[106.0, 115.0, 30.946]
[106.0, 116.0, 30.952]
[106.0, 117.0, 30.956]
[106.0, 118.0, 30.887]
[106.0, 119.0, 30.939]
[106.0, 120.0, 30.939]
[106.0, 121.0, 30.835]
[106.0, 122.0, 30.739]
[106.0, 123.0, 32.324]
[106.0, 124.0, 32.322]
[106.0, 125.0, 32.329]
[106.0, 126.0, 32.337]
[106.0, 127.0, 32.341]
[106.0, 128.0, 32.347]
[106.0, 129.0, 32.349]
[107.0, 100.0, 32.22]
[107.0, 101.0, 32.216]
[107.0, 102.0, 30.662]
[107.0, 103.0, 30.721]
[107.0, 104.0, 30.858]
[107.0, 105.0, 30.894]
[107.0, 106.0, 30.902]
[107.0, 107.0, 30.91]
[107.0, 108.0, 30.914]
[107.0, 109.0, 30.919]
[107.0, 110.0, 30.916]
[107.0, 111.0, 30.923]
[107.0, 112.0, 30.927]
[107.0, 113.0, 30.933]
[107.0, 114.0, 30.939]
[107.0, 115.0, 30.944]
[107.0, 116.0, 30.954]
[107.0, 117.0, 30.96]
[107.0, 118.0, 30.966]
[107.0, 119.0, 30.896]
[107.0, 120.0, 30.923]
[107.0, 121.0, 30.937]
[107.0, 122.0, 30.721]
[107.0, 123.0, 32.322]
[107.0, 124.0, 32.322]
[107.0, 125.0, 32.327]
[107.0, 126.0, 32.333]
[107.0, 127.0, 32.341]
[107.0, 128.0, 32.352]
[107.0, 129.0, 32.354]
[108.0, 100.0, 32.21]
[108.0, 101.0, 32.218]
[108.0, 102.0, 30.662]
[108.0, 103.0, 30.862]
[108.0, 104.0, 30.883]
[108.0, 105.0, 30.873]
[108.0, 106.0, 30.904]
[108.0, 107.0, 30.91]
[108.0, 108.0, 30.91]
[108.0, 109.0, 30.916]
[108.0, 110.0, 30.914]
[108.0, 111.0, 30.912]
[108.0, 112.0, 30.919]
[108.0, 113.0, 30.852]
[108.0, 114.0, 30.877]
[108.0, 115.0, 30.937]
[108.0, 116.0, 30.948]
[108.0, 117.0, 30.921]
[108.0, 118.0, 30.921]
[108.0, 119.0, 30.925]
[108.0, 120.0, 30.923]
[108.0, 121.0, 30.958]
[108.0, 122.0, 30.837]
[108.0, 123.0, 30.739]
[108.0, 124.0, 32.324]
[108.0, 125.0, 32.327]
[108.0, 126.0, 32.333]
[108.0, 127.0, 32.335]
[108.0, 128.0, 32.352]
[108.0, 129.0, 32.349]
[109.0, 100.0, 32.216]
[109.0, 101.0, 30.66]
[109.0, 102.0, 30.773]
[109.0, 103.0, 30.856]
[109.0, 104.0, 30.885]
[109.0, 105.0, 30.9]
[109.0, 106.0, 30.906]
[109.0, 107.0, 30.906]
[109.0, 108.0, 30.908]
[109.0, 109.0, 30.906]
[109.0, 110.0, 30.869]
[109.0, 111.0, 30.848]
[109.0, 112.0, 30.837]
[109.0, 113.0, 30.804]
[109.0, 114.0, 30.919]
[109.0, 115.0, 30.862]
[109.0, 116.0, 30.948]
[109.0, 117.0, 30.956]
[109.0, 118.0, 30.964]
[109.0, 119.0, 30.975]
[109.0, 120.0, 30.975]
[109.0, 121.0, 30.902]
[109.0, 122.0, 30.939]
[109.0, 123.0, 30.725]
[109.0, 124.0, 32.329]
[109.0, 125.0, 32.331]
[109.0, 126.0, 32.335]
[109.0, 127.0, 32.339]
[109.0, 128.0, 32.347]
[109.0, 129.0, 32.352]
[110.0, 100.0, 32.214]
[110.0, 101.0, 30.656]
[110.0, 102.0, 30.829]
[110.0, 103.0, 30.846]
[110.0, 104.0, 30.869]
[110.0, 105.0, 30.858]
[110.0, 106.0, 30.844]
[110.0, 107.0, 30.846]
[110.0, 108.0, 30.798]
[110.0, 109.0, 30.781]
[110.0, 110.0, 30.791]
[110.0, 111.0, 30.814]
[110.0, 112.0, 30.819]
[110.0, 113.0, 30.829]
[110.0, 114.0, 30.852]
[110.0, 115.0, 30.887]
[110.0, 116.0, 30.873]
[110.0, 117.0, 30.902]
[110.0, 118.0, 30.956]
[110.0, 119.0, 30.971]
[110.0, 120.0, 30.977]
[110.0, 121.0, 30.914]
[110.0, 122.0, 30.941]
[110.0, 123.0, 30.848]
[110.0, 124.0, 30.76]
[110.0, 125.0, 32.329]
[110.0, 126.0, 32.333]
[110.0, 127.0, 32.337]
[110.0, 128.0, 32.345]
[110.0, 129.0, 32.349]
[111.0, 100.0, 32.208]
[111.0, 101.0, 30.656]
[111.0, 102.0, 30.841]
[111.0, 103.0, 30.837]
[111.0, 104.0, 30.858]
[111.0, 105.0, 30.819]
[111.0, 106.0, 30.819]
[111.0, 107.0, 30.81]
[111.0, 108.0, 30.791]
[111.0, 109.0, 30.804]
[111.0, 110.0, 30.781]
[111.0, 111.0, 30.785]
[111.0, 112.0, 30.808]
[111.0, 113.0, 30.804]
[111.0, 114.0, 30.823]
[111.0, 115.0, 30.798]
[111.0, 116.0, 30.858]
[111.0, 117.0, 30.846]
[111.0, 118.0, 30.848]
[111.0, 119.0, 30.894]
[111.0, 120.0, 30.973]
[111.0, 121.0, 30.964]
[111.0, 122.0, 30.958]
[111.0, 123.0, 30.916]
[111.0, 124.0, 30.748]
[111.0, 125.0, 32.327]
[111.0, 126.0, 32.331]
[111.0, 127.0, 32.341]
[111.0, 128.0, 32.343]
[111.0, 129.0, 32.347]
[112.0, 100.0, 32.21]
[112.0, 101.0, 30.658]
[112.0, 102.0, 30.831]
[112.0, 103.0, 30.829]
[112.0, 104.0, 30.856]
[112.0, 105.0, 30.821]
[112.0, 106.0, 30.808]
[112.0, 107.0, 30.779]
[112.0, 108.0, 30.773]
[112.0, 109.0, 30.773]
[112.0, 110.0, 30.762]
[112.0, 111.0, 30.787]
[112.0, 112.0, 30.808]
[112.0, 113.0, 30.806]
[112.0, 114.0, 30.8]
[112.0, 115.0, 30.773]
[112.0, 116.0, 30.806]
[112.0, 117.0, 30.816]
[112.0, 118.0, 30.796]
[112.0, 119.0, 30.856]
[112.0, 120.0, 30.977]
[112.0, 121.0, 30.925]
[112.0, 122.0, 30.923]
[112.0, 123.0, 30.952]
[112.0, 124.0, 30.748]
[112.0, 125.0, 32.329]
[112.0, 126.0, 32.331]
[112.0, 127.0, 32.335]
[112.0, 128.0, 32.337]
[112.0, 129.0, 32.352]
[113.0, 100.0, 32.214]
[113.0, 101.0, 30.66]
[113.0, 102.0, 30.839]
[113.0, 103.0, 30.831]
[113.0, 104.0, 30.86]
[113.0, 105.0, 30.816]
[113.0, 106.0, 30.802]
[113.0, 107.0, 30.802]
[113.0, 108.0, 30.773]
[113.0, 109.0, 30.764]
[113.0, 110.0, 30.762]
[113.0, 111.0, 30.816]
[113.0, 112.0, 30.823]
[113.0, 113.0, 30.833]
[113.0, 114.0, 30.808]
[113.0, 115.0, 30.771]
[113.0, 116.0, 30.789]
[113.0, 117.0, 30.783]
[113.0, 118.0, 30.766]
[113.0, 119.0, 30.802]
[113.0, 120.0, 30.906]
[113.0, 121.0, 30.883]
[113.0, 122.0, 30.871]
[113.0, 123.0, 30.931]
[113.0, 124.0, 30.748]
[113.0, 125.0, 32.333]
[113.0, 126.0, 32.337]
[113.0, 127.0, 32.339]
[113.0, 128.0, 32.343]
[113.0, 129.0, 32.349]
[114.0, 100.0, 32.21]
[114.0, 101.0, 30.66]
[114.0, 102.0, 30.802]
[114.0, 103.0, 30.831]
[114.0, 104.0, 30.858]
[114.0, 105.0, 30.812]
[114.0, 106.0, 30.814]
[114.0, 107.0, 30.816]
[114.0, 108.0, 30.808]
[114.0, 109.0, 30.758]
[114.0, 110.0, 30.785]
[114.0, 111.0, 30.804]
[114.0, 112.0, 30.808]
[114.0, 113.0, 30.91]
[114.0, 114.0, 30.833]
[114.0, 115.0, 30.783]
[114.0, 116.0, 30.756]
[114.0, 117.0, 30.766]
[114.0, 118.0, 30.779]
[114.0, 119.0, 30.816]
[114.0, 120.0, 30.941]
[114.0, 121.0, 30.921]
[114.0, 122.0, 30.914]
[114.0, 123.0, 30.954]
[114.0, 124.0, 30.746]
[114.0, 125.0, 32.333]
[114.0, 126.0, 32.335]
[114.0, 127.0, 32.341]
[114.0, 128.0, 32.335]
[114.0, 129.0, 32.352]
[115.0, 100.0, 32.214]
[115.0, 101.0, 30.658]
[115.0, 102.0, 30.723]
[115.0, 103.0, 30.848]
[115.0, 104.0, 30.869]
[115.0, 105.0, 30.825]
[115.0, 106.0, 30.841]
[115.0, 107.0, 30.831]
[115.0, 108.0, 30.781]
[115.0, 109.0, 30.766]
[115.0, 110.0, 30.764]
[115.0, 111.0, 30.771]
[115.0, 112.0, 30.827]
[115.0, 113.0, 30.806]
[115.0, 114.0, 30.846]
[115.0, 115.0, 30.806]
[115.0, 116.0, 30.819]
[115.0, 117.0, 30.829]
[115.0, 118.0, 30.833]
[115.0, 119.0, 30.973]
[115.0, 120.0, 30.981]
[115.0, 121.0, 30.985]
[115.0, 122.0, 30.912]
[115.0, 123.0, 30.962]
[115.0, 124.0, 30.754]
[115.0, 125.0, 32.333]
[115.0, 126.0, 32.335]
[115.0, 127.0, 32.341]
[115.0, 128.0, 32.343]
[115.0, 129.0, 32.349]
[116.0, 100.0, 32.222]
[116.0, 101.0, 32.227]
[116.0, 102.0, 30.669]
[116.0, 103.0, 30.827]
[116.0, 104.0, 30.887]
[116.0, 105.0, 30.839]
[116.0, 106.0, 30.837]
[116.0, 107.0, 30.841]
[116.0, 108.0, 30.791]
[116.0, 109.0, 30.779]
[116.0, 110.0, 30.771]
[116.0, 111.0, 30.783]
[116.0, 112.0, 30.837]
[116.0, 113.0, 30.833]
[116.0, 114.0, 30.925]
[116.0, 115.0, 30.933]
[116.0, 116.0, 30.944]
[116.0, 117.0, 30.958]
[116.0, 118.0, 30.966]
[116.0, 119.0, 30.977]
[116.0, 120.0, 30.983]
[116.0, 121.0, 30.941]
[116.0, 122.0, 30.973]
[116.0, 123.0, 30.902]
[116.0, 124.0, 30.75]
[116.0, 125.0, 32.327]
[116.0, 126.0, 32.337]
[116.0, 127.0, 32.337]
[116.0, 128.0, 32.345]
[116.0, 129.0, 32.352]
[117.0, 100.0, 32.218]
[117.0, 101.0, 32.224]
[117.0, 102.0, 30.667]
[117.0, 103.0, 30.714]
[117.0, 104.0, 30.883]
[117.0, 105.0, 30.902]
[117.0, 106.0, 30.908]
[117.0, 107.0, 30.831]
[117.0, 108.0, 30.821]
[117.0, 109.0, 30.787]
[117.0, 110.0, 30.779]
[117.0, 111.0, 30.823]
[117.0, 112.0, 30.85]
[117.0, 113.0, 30.925]
[117.0, 114.0, 30.931]
[117.0, 115.0, 30.937]
[117.0, 116.0, 30.944]
[117.0, 117.0, 30.96]
[117.0, 118.0, 30.969]
[117.0, 119.0, 30.975]
[117.0, 120.0, 30.977]
[117.0, 121.0, 30.902]
[117.0, 122.0, 30.948]
[117.0, 123.0, 30.862]
[117.0, 124.0, 30.75]
[117.0, 125.0, 32.329]
[117.0, 126.0, 32.339]
[117.0, 127.0, 32.339]
[117.0, 128.0, 32.341]
[117.0, 129.0, 32.352]
[118.0, 100.0, 32.218]
[118.0, 101.0, 32.224]
[118.0, 102.0, 32.233]
[118.0, 103.0, 30.673]
[118.0, 104.0, 30.808]
[118.0, 105.0, 30.873]
[118.0, 106.0, 30.879]
[118.0, 107.0, 30.919]
[118.0, 108.0, 30.925]
[118.0, 109.0, 30.829]
[118.0, 110.0, 30.825]
[118.0, 111.0, 30.933]
[118.0, 112.0, 30.931]
[118.0, 113.0, 30.937]
[118.0, 114.0, 30.941]
[118.0, 115.0, 30.946]
[118.0, 116.0, 30.956]
[118.0, 117.0, 30.962]
[118.0, 118.0, 30.977]
[118.0, 119.0, 30.979]
[118.0, 120.0, 30.898]
[118.0, 121.0, 30.969]
[118.0, 122.0, 30.898]
[118.0, 123.0, 30.744]
[118.0, 124.0, 32.331]
[118.0, 125.0, 32.335]
[118.0, 126.0, 32.337]
[118.0, 127.0, 32.341]
[118.0, 128.0, 32.352]
[118.0, 129.0, 32.354]
[119.0, 100.0, 32.222]
[119.0, 101.0, 32.224]
[119.0, 102.0, 32.229]
[119.0, 103.0, 32.241]
[119.0, 104.0, 30.694]
[119.0, 105.0, 30.833]
[119.0, 106.0, 30.852]
[119.0, 107.0, 30.889]
[119.0, 108.0, 30.904]
[119.0, 109.0, 30.937]
[119.0, 110.0, 30.937]
[119.0, 111.0, 30.941]
[119.0, 112.0, 30.946]
[119.0, 113.0, 30.948]
[119.0, 114.0, 30.956]
[119.0, 115.0, 30.956]
[119.0, 116.0, 30.971]
[119.0, 117.0, 30.966]
[119.0, 118.0, 30.975]
[119.0, 119.0, 30.9]
[119.0, 120.0, 30.939]
[119.0, 121.0, 30.944]
[119.0, 122.0, 30.756]
[119.0, 123.0, 30.75]
[119.0, 124.0, 32.329]
[119.0, 125.0, 32.329]
[119.0, 126.0, 32.341]
[119.0, 127.0, 32.347]
[119.0, 128.0, 32.354]
[119.0, 129.0, 32.354]
[120.0, 100.0, 32.22]
[120.0, 101.0, 32.224]
[120.0, 102.0, 32.231]
[120.0, 103.0, 32.231]
[120.0, 104.0, 32.245]
[120.0, 105.0, 30.698]
[120.0, 106.0, 30.819]
[120.0, 107.0, 30.908]
[120.0, 108.0, 30.856]
[120.0, 109.0, 30.881]
[120.0, 110.0, 30.904]
[120.0, 111.0, 30.948]
[120.0, 112.0, 30.952]
[120.0, 113.0, 30.958]
[120.0, 114.0, 30.964]
[120.0, 115.0, 30.971]
[120.0, 116.0, 30.971]
[120.0, 117.0, 30.971]
[120.0, 118.0, 30.896]
[120.0, 119.0, 30.966]
[120.0, 120.0, 30.952]
[120.0, 121.0, 30.829]
[120.0, 122.0, 30.733]
[120.0, 123.0, 32.329]
[120.0, 124.0, 32.335]
[120.0, 125.0, 32.341]
[120.0, 126.0, 32.345]
[120.0, 127.0, 32.345]
[120.0, 128.0, 32.354]
[120.0, 129.0, 32.362]
[121.0, 100.0, 32.227]
[121.0, 101.0, 32.231]
[121.0, 102.0, 32.229]
[121.0, 103.0, 32.241]
[121.0, 104.0, 32.243]
[121.0, 105.0, 32.252]
[121.0, 106.0, 30.692]
[121.0, 107.0, 30.779]
[121.0, 108.0, 30.906]
[121.0, 109.0, 30.91]
[121.0, 110.0, 30.879]
[121.0, 111.0, 30.866]
[121.0, 112.0, 30.948]
[121.0, 113.0, 30.877]
[121.0, 114.0, 30.879]
[121.0, 115.0, 30.873]
[121.0, 116.0, 30.883]
[121.0, 117.0, 30.885]
[121.0, 118.0, 30.952]
[121.0, 119.0, 30.923]
[121.0, 120.0, 30.833]
[121.0, 121.0, 30.725]
[121.0, 122.0, 32.32]
[121.0, 123.0, 32.329]
[121.0, 124.0, 32.333]
[121.0, 125.0, 32.345]
[121.0, 126.0, 32.347]
[121.0, 127.0, 32.352]
[121.0, 128.0, 32.362]
[121.0, 129.0, 32.366]
[122.0, 100.0, 32.229]
[122.0, 101.0, 32.231]
[122.0, 102.0, 32.229]
[122.0, 103.0, 32.241]
[122.0, 104.0, 32.247]
[122.0, 105.0, 32.249]
[122.0, 106.0, 32.256]
[122.0, 107.0, 30.721]
[122.0, 108.0, 30.702]
[122.0, 109.0, 30.741]
[122.0, 110.0, 30.835]
[122.0, 111.0, 30.914]
[122.0, 112.0, 30.925]
[122.0, 113.0, 30.931]
[122.0, 114.0, 30.939]
[122.0, 115.0, 30.941]
[122.0, 116.0, 30.941]
[122.0, 117.0, 30.9]
[122.0, 118.0, 30.827]
[122.0, 119.0, 30.721]
[122.0, 120.0, 30.716]
[122.0, 121.0, 32.322]
[122.0, 122.0, 32.329]
[122.0, 123.0, 32.324]
[122.0, 124.0, 32.335]
[122.0, 125.0, 32.337]
[122.0, 126.0, 32.345]
[122.0, 127.0, 32.349]
[122.0, 128.0, 32.356]
[122.0, 129.0, 32.364]
[123.0, 100.0, 32.227]
[123.0, 101.0, 32.231]
[123.0, 102.0, 32.237]
[123.0, 103.0, 32.243]
[123.0, 104.0, 32.249]
[123.0, 105.0, 32.249]
[123.0, 106.0, 32.254]
[123.0, 107.0, 32.254]
[123.0, 108.0, 32.258]
[123.0, 109.0, 30.7]
[123.0, 110.0, 30.7]
[123.0, 111.0, 30.712]
[123.0, 112.0, 30.729]
[123.0, 113.0, 30.766]
[123.0, 114.0, 30.777]
[123.0, 115.0, 30.744]
[123.0, 116.0, 30.719]
[123.0, 117.0, 30.714]
[123.0, 118.0, 30.706]
[123.0, 119.0, 32.312]
[123.0, 120.0, 32.316]
[123.0, 121.0, 32.322]
[123.0, 122.0, 32.322]
[123.0, 123.0, 32.331]
[123.0, 124.0, 32.331]
[123.0, 125.0, 32.349]
[123.0, 126.0, 32.349]
[123.0, 127.0, 32.349]
[123.0, 128.0, 32.362]
[123.0, 129.0, 32.364]
[124.0, 100.0, 32.229]
[124.0, 101.0, 32.231]
[124.0, 102.0, 32.237]
[124.0, 103.0, 32.237]
[124.0, 104.0, 32.245]
[124.0, 105.0, 32.249]
[124.0, 106.0, 32.254]
[124.0, 107.0, 32.252]
[124.0, 108.0, 32.262]
[124.0, 109.0, 32.268]
[124.0, 110.0, 32.27]
[124.0, 111.0, 32.27]
[124.0, 112.0, 32.281]
[124.0, 113.0, 32.279]
[124.0, 114.0, 32.287]
[124.0, 115.0, 32.289]
[124.0, 116.0, 32.297]
[124.0, 117.0, 32.306]
[124.0, 118.0, 32.306]
[124.0, 119.0, 32.312]
