#	 ____COIN_PROBE____
#	 start time:19-02-12 14:27:19
[100.0, 100.0, 32.231]
[100.0, 103.0, 32.248]
[100.0, 106.0, 32.258]
[100.0, 109.0, 32.26]
[100.0, 112.0, 32.277]
[100.0, 115.0, 32.296]
[100.0, 118.0, 32.312]
[100.0, 121.0, 32.316]
[100.0, 124.0, 32.335]
[100.0, 127.0, 32.344]
[103.0, 100.0, 32.214]
[103.0, 103.0, 32.233]
[103.0, 106.0, 30.665]
[103.0, 109.0, 30.871]
[103.0, 112.0, 30.871]
[103.0, 115.0, 30.694]
[103.0, 118.0, 32.31]
[103.0, 121.0, 32.327]
[103.0, 124.0, 32.327]
[103.0, 127.0, 32.344]
[106.0, 100.0, 32.221]
[106.0, 103.0, 30.854]
[106.0, 106.0, 30.879]
[106.0, 109.0, 30.927]
[106.0, 112.0, 30.94]
[106.0, 115.0, 30.954]
[106.0, 118.0, 30.948]
[106.0, 121.0, 32.325]
[106.0, 124.0, 32.335]
[106.0, 127.0, 32.352]
[109.0, 100.0, 30.654]
[109.0, 103.0, 30.856]
[109.0, 106.0, 30.906]
[109.0, 109.0, 30.908]
[109.0, 112.0, 30.798]
[109.0, 115.0, 30.948]
[109.0, 118.0, 30.971]
[109.0, 121.0, 30.904]
[109.0, 124.0, 32.327]
[109.0, 127.0, 32.344]
[112.0, 100.0, 30.673]
[112.0, 103.0, 30.856]
[112.0, 106.0, 30.779]
[112.0, 109.0, 30.775]
[112.0, 112.0, 30.796]
[112.0, 115.0, 30.802]
[112.0, 118.0, 30.852]
[112.0, 121.0, 30.973]
[112.0, 124.0, 32.327]
[112.0, 127.0, 32.337]
[115.0, 100.0, 30.65]
[115.0, 103.0, 30.848]
[115.0, 106.0, 30.825]
[115.0, 109.0, 30.761]
[115.0, 112.0, 30.829]
[115.0, 115.0, 30.844]
[115.0, 118.0, 30.815]
[115.0, 121.0, 30.977]
[115.0, 124.0, 32.329]
[115.0, 127.0, 32.333]
[118.0, 100.0, 32.221]
[118.0, 103.0, 30.838]
[118.0, 106.0, 30.913]
[118.0, 109.0, 30.8]
[118.0, 112.0, 30.917]
[118.0, 115.0, 30.942]
[118.0, 118.0, 30.967]
[118.0, 121.0, 30.936]
[118.0, 124.0, 32.329]
[118.0, 127.0, 32.335]
[121.0, 100.0, 32.219]
[121.0, 103.0, 32.233]
[121.0, 106.0, 30.896]
[121.0, 109.0, 30.906]
[121.0, 112.0, 30.944]
[121.0, 115.0, 30.892]
[121.0, 118.0, 30.94]
[121.0, 121.0, 32.316]
[121.0, 124.0, 32.333]
[121.0, 127.0, 32.346]
[124.0, 100.0, 32.219]
[124.0, 103.0, 32.233]
[124.0, 106.0, 32.25]
[124.0, 109.0, 30.675]
[124.0, 112.0, 30.686]
[124.0, 115.0, 30.681]
[124.0, 118.0, 32.3]
[124.0, 121.0, 32.312]
[124.0, 124.0, 32.335]
[124.0, 127.0, 32.341]
[127.0, 100.0, 32.221]
[127.0, 103.0, 32.229]
[127.0, 106.0, 32.246]
[127.0, 109.0, 32.258]
[127.0, 112.0, 32.279]
[127.0, 115.0, 32.281]
[127.0, 118.0, 32.302]
[127.0, 121.0, 32.316]
[127.0, 124.0, 32.333]
[127.0, 127.0, 32.348]
#	 end time:19-02-12 14:48:39
