0	17:54:58	37.0	115.0	26.542	26.663	-0.121	0.086
1	17:55:39	37.0	122.222	26.681	26.654	0.027	0.119
2	17:56:19	37.0	129.444	26.683	26.633	0.05	0.119
3	17:57:00	37.0	136.667	26.702	26.656	0.046	0.12
4	17:57:36	37.0	143.889	26.711	26.702	0.009	0.097
5	17:58:16	37.0	151.111	26.722	26.681	0.041	0.12
6	17:58:52	37.0	158.333	26.741	26.729	0.012	0.104
7	17:59:32	37.0	165.556	26.767	26.727	0.04	0.0
8	18:00:13	37.0	172.778	26.785	26.73	0.055	0.164
9	18:00:54	37.0	180.0	26.704	26.735	-0.031	0.173
10	18:01:36	45.333	115.0	26.541	26.589	-0.048	0.162
11	18:02:15	45.333	122.222	26.541	26.643	-0.102	0.106
12	18:02:58	45.333	129.444	26.59	26.649	-0.059	0.119
13	18:03:39	45.333	136.667	26.695	26.646	0.049	0.0
14	18:04:18	45.333	143.889	26.701	26.663	0.038	0.0
15	18:04:54	45.333	151.111	26.716	26.697	0.019	0.112
16	18:05:30	45.333	158.333	26.736	26.722	0.014	0.107
17	18:06:06	45.333	165.556	26.763	26.736	0.027	0.104
18	18:06:51	45.333	172.778	26.703	26.746	-0.043	0.12
19	18:07:33	45.333	180.0	26.704	26.721	-0.017	0.182
20	18:08:17	53.667	115.0	26.541	26.609	-0.068	0.12
21	18:09:00	53.667	122.222	26.541	26.626	-0.085	0.12
22	18:09:40	53.667	129.444	26.542	26.675	-0.133	0.098
23	18:10:16	53.667	136.667	26.7	26.676	0.024	0.117
24	18:10:56	53.667	143.889	26.706	26.631	0.075	0.119
25	18:11:33	53.667	151.111	26.722	26.697	0.025	0.097
26	18:12:13	53.667	158.333	26.741	26.703	0.038	0.12
27	18:12:57	53.667	165.556	26.704	26.708	-0.004	0.119
28	18:13:42	53.667	172.778	26.704	26.75	-0.046	0.119
29	18:14:23	53.667	180.0	26.786	26.728	0.058	0.166
30	18:15:03	62.0	115.0	26.541	26.654	-0.113	0.096
31	18:15:44	62.0	122.222	26.686	26.633	0.053	3.5527136788e-15
32	18:16:23	62.0	129.444	26.691	26.637	0.054	0.12
33	18:17:01	62.0	136.667	26.71	26.641	0.069	0.162
34	18:17:41	62.0	143.889	26.716	26.67	0.046	0.119
35	18:18:21	62.0	151.111	26.73	26.66	0.07	0.119
36	18:18:59	62.0	158.333	26.757	26.689	0.068	0.159
37	18:19:43	62.0	165.556	26.704	26.715	-0.011	0.119
38	18:20:24	62.0	172.778	26.703	26.734	-0.031	0.169
39	18:21:08	62.0	180.0	26.785	26.774	0.011	0.12
40	18:21:50	70.333	115.0	26.681	26.627	0.054	0.119
41	18:22:31	70.333	122.222	26.691	26.641	0.05	0.12
42	18:23:11	70.333	129.444	26.697	26.655	0.042	0.119
43	18:23:51	70.333	136.667	26.72	26.663	0.057	0.119
44	18:24:31	70.333	143.889	26.721	26.667	0.054	0.119
45	18:25:11	70.333	151.111	26.741	26.698	0.043	0.0
46	18:25:52	70.333	158.333	26.762	26.71	0.052	0.119
47	18:26:33	70.333	165.556	26.704	26.717	-0.013	0.165
48	18:27:14	70.333	172.778	26.703	26.755	-0.052	0.161
49	18:27:58	70.333	180.0	26.786	26.777	0.009	0.0
50	18:28:42	78.667	115.0	26.541	26.618	-0.077	0.12
51	18:29:23	78.667	122.222	26.681	26.641	0.04	0.12
52	18:29:59	78.667	129.444	26.687	26.67	0.017	0.108
53	18:30:39	78.667	136.667	26.706	26.666	0.04	0.0
54	18:31:19	78.667	143.889	26.71	26.667	0.043	0.119
55	18:31:55	78.667	151.111	26.726	26.697	0.029	0.107
56	18:32:35	78.667	158.333	26.755	26.706	0.049	0.12
57	18:33:20	78.667	165.556	26.704	26.726	-0.022	0.12
58	18:34:01	78.667	172.778	26.703	26.735	-0.032	0.17
59	18:34:46	78.667	180.0	26.703	26.776	-0.073	0.12
60	18:35:30	87.0	115.0	26.541	26.614	-0.073	0.119
61	18:36:13	87.0	122.222	26.542	26.616	-0.074	0.119
62	18:36:54	87.0	129.444	26.691	26.621	0.07	0.12
63	18:37:34	87.0	136.667	26.712	26.648	0.064	0.12
64	18:38:14	87.0	143.889	26.717	26.665	0.052	0.119
65	18:38:54	87.0	151.111	26.731	26.677	0.054	0.119
66	18:39:35	87.0	158.333	26.761	26.703	0.058	0.119
67	18:40:19	87.0	165.556	26.751	26.723	0.028	3.5527136788e-15
68	18:41:04	87.0	172.778	26.703	26.775	-0.072	0.12
69	18:41:45	87.0	180.0	26.705	26.765	-0.06	0.168
70	18:42:29	95.333	115.0	26.542	26.634	-0.092	0.12
71	18:43:09	95.333	122.222	26.691	26.632	0.059	0.12
72	18:43:47	95.333	129.444	26.683	26.611	0.072	0.177
73	18:44:27	95.333	136.667	26.717	26.648	0.069	0.12
74	18:45:07	95.333	143.889	26.72	26.674	0.046	0.119
75	18:45:47	95.333	151.111	26.74	26.686	0.054	0.119
76	18:46:27	95.333	158.333	26.766	26.705	0.061	3.5527136788e-15
77	18:47:12	95.333	165.556	26.747	26.739	0.008	0.12
78	18:47:56	95.333	172.778	26.704	26.771	-0.067	0.119
79	18:48:34	95.333	180.0	26.862	26.754	0.108	0.185
80	18:49:16	103.667	115.0	26.686	26.618	0.068	0.119
81	18:49:56	103.667	122.222	26.696	26.631	0.065	0.12
82	18:50:36	103.667	129.444	26.687	26.656	0.031	0.12
83	18:51:16	103.667	136.667	26.721	26.669	0.052	0.12
84	18:51:53	103.667	143.889	26.73	26.631	0.099	0.178
85	18:52:33	103.667	151.111	26.75	26.703	0.047	0.12
86	18:53:15	103.667	158.333	26.705	26.708	-0.003	0.163
87	18:54:00	103.667	165.556	26.704	26.749	-0.045	0.119
88	18:54:41	103.667	172.778	26.703	26.746	-0.043	0.187
89	18:55:19	103.667	180.0	26.865	26.777	0.088	0.181
90	18:56:03	112.0	115.0	26.542	26.613	-0.071	0.119
91	18:56:42	112.0	122.222	26.541	26.643	-0.102	0.111
92	18:57:18	112.0	129.444	26.687	26.651	0.036	0.113
93	18:58:02	112.0	136.667	26.672	26.656	0.016	0.119
94	18:58:42	112.0	143.889	26.712	26.682	0.03	0.12
95	18:59:18	112.0	151.111	26.735	26.717	0.018	0.11
96	18:59:59	112.0	158.333	26.765	26.707	0.058	0.119
97	19:00:43	112.0	165.556	26.704	26.734	-0.03	0.0
98	19:01:27	112.0	172.778	26.705	26.758	-0.053	0.119
99	19:02:05	112.0	180.0	26.852	26.775	0.077	0.163
