0	19:47:05	37.0	115.0	26.111	26.12	-0.009	0.2
1	19:47:51	37.0	122.889	26.111	26.135	-0.024	0.201
2	19:48:38	37.0	130.778	26.112	26.139	-0.027	0.201
3	19:49:25	37.0	138.667	26.03	26.146	-0.116	0.201
4	19:50:12	37.0	146.556	26.112	26.151	-0.039	0.201
5	19:50:56	37.0	154.444	26.22	26.196	0.024	0.2
6	19:51:37	37.0	162.333	26.245	26.159	0.086	0.279
7	19:52:22	37.0	170.222	26.03	26.224	-0.194	0.244
8	19:53:07	37.0	178.111	26.274	26.244	0.03	0.254
9	19:53:48	37.0	186.0	26.33	26.255	0.075	0.265
10	19:54:32	44.667	115.0	26.155	26.123	0.032	0.2
11	19:55:19	44.667	122.889	25.867	26.148	-0.281	0.201
12	19:56:06	44.667	130.778	26.112	26.135	-0.023	0.201
13	19:56:54	44.667	138.667	26.031	26.156	-0.125	0.201
14	19:57:40	44.667	146.556	26.112	26.151	-0.039	0.201
15	19:58:24	44.667	154.444	26.22	26.175	0.045	0.2
16	19:59:05	44.667	162.333	26.247	26.179	0.068	0.259
17	19:59:49	44.667	170.222	26.276	26.232	0.044	0.201
18	20:00:37	44.667	178.111	26.273	26.246	0.027	0.201
19	20:01:21	44.667	186.0	26.274	26.252	0.022	0.266
20	20:02:09	52.333	115.0	26.111	26.13	-0.019	0.201
21	20:02:56	52.333	122.889	26.112	26.138	-0.026	0.201
22	20:03:40	52.333	130.778	26.112	26.118	-0.006	0.25
23	20:04:27	52.333	138.667	25.867	26.14	-0.273	0.201
24	20:05:11	52.333	146.556	26.201	26.17	0.031	0.201
25	20:05:56	52.333	154.444	26.225	26.199	0.026	0.201
26	20:06:39	52.333	162.333	26.251	26.195	0.056	0.2
27	20:07:24	52.333	170.222	26.275	26.219	0.056	0.253
28	20:08:09	52.333	178.111	26.275	26.248	0.027	0.249
29	20:08:54	52.333	186.0	26.274	26.248	0.026	0.27
30	20:09:42	60.0	115.0	26.112	26.12	-0.008	0.2
31	20:10:25	60.0	122.889	26.112	26.097	0.015	0.262
32	20:11:09	60.0	130.778	26.112	26.121	-0.009	0.261
33	20:11:50	60.0	138.667	26.206	26.142	0.064	0.256
34	20:12:31	60.0	146.556	26.22	26.15	0.07	0.259
35	20:13:14	60.0	154.444	26.245	26.195	0.05	0.2
36	20:13:55	60.0	162.333	26.27	26.195	0.075	0.265
37	20:14:44	60.0	170.222	26.274	26.177	0.097	0.282
38	20:15:29	60.0	178.111	26.275	26.259	0.016	0.253
39	20:16:14	60.0	186.0	26.273	26.253	0.02	0.284
40	20:16:59	67.667	115.0	26.112	26.105	0.007	0.252
41	20:17:45	67.667	122.889	26.113	26.127	-0.014	0.201
42	20:18:27	67.667	130.778	26.204	26.146	0.058	0.249
43	20:19:07	67.667	138.667	26.22	26.137	0.083	0.262
44	20:19:51	67.667	146.556	26.235	26.189	0.046	0.201
45	20:20:35	67.667	154.444	26.261	26.195	0.066	0.2
46	20:21:20	67.667	162.333	26.275	26.218	0.057	0.259
47	20:22:04	67.667	170.222	26.274	26.257	0.017	0.25
48	20:22:49	67.667	178.111	26.275	26.26	0.015	0.253
49	20:23:34	67.667	186.0	26.275	26.269	0.006	0.28
50	20:24:19	75.333	115.0	26.112	26.071	0.041	0.262
51	20:25:03	75.333	122.889	26.112	26.114	-0.002	0.259
52	20:25:46	75.333	130.778	26.2	26.146	0.054	0.201
53	20:26:30	75.333	138.667	26.215	26.157	0.058	0.201
54	20:27:14	75.333	146.556	26.226	26.177	0.049	0.2
55	20:27:55	75.333	154.444	26.237	26.184	0.053	0.244
56	20:28:40	75.333	162.333	26.275	26.223	0.052	0.254
57	20:29:25	75.333	170.222	26.275	26.256	0.019	0.249
58	20:30:10	75.333	178.111	26.275	26.266	0.009	0.259
59	20:30:54	75.333	186.0	26.275	26.279	-0.004	0.265
60	20:31:42	83.0	115.0	26.113	26.082	0.031	0.201
61	20:32:26	83.0	122.889	26.112	26.108	0.004	0.249
62	20:33:13	83.0	130.778	26.112	26.149	-0.037	0.2
63	20:33:57	83.0	138.667	26.2	26.137	0.063	0.201
64	20:34:41	83.0	146.556	26.215	26.162	0.053	0.2
65	20:35:25	83.0	154.444	26.24	26.195	0.045	0.2
66	20:36:08	83.0	162.333	26.27	26.217	0.053	0.201
67	20:36:57	83.0	170.222	26.274	26.195	0.079	0.281
68	20:37:46	83.0	178.111	26.275	26.221	0.054	0.282
69	20:38:31	83.0	186.0	26.26	26.241	0.019	0.277
70	20:39:15	90.667	115.0	26.112	26.056	0.056	0.252
71	20:39:59	90.667	122.889	26.111	26.095	0.016	0.248
72	20:40:43	90.667	130.778	26.113	26.112	0.001	0.26
73	20:41:27	90.667	138.667	26.113	26.131	-0.018	0.267
74	20:42:11	90.667	146.556	26.225	26.175	0.05	0.2
75	20:42:51	90.667	154.444	26.255	26.177	0.078	0.271
76	20:43:32	90.667	162.333	26.28	26.21	0.07	0.262
77	20:44:21	90.667	170.222	26.275	26.206	0.069	0.283
78	20:45:06	90.667	178.111	26.253	26.225	0.028	0.283
79	20:45:51	90.667	186.0	26.274	26.256	0.018	0.288
80	20:46:35	98.333	115.0	26.112	26.033	0.079	0.257
81	20:47:19	98.333	122.889	26.112	26.069	0.043	0.268
82	20:48:06	98.333	130.778	26.112	26.131	-0.019	0.201
83	20:48:50	98.333	138.667	26.2	26.141	0.059	0.201
84	20:49:31	98.333	146.556	26.22	26.162	0.058	0.249
85	20:50:11	98.333	154.444	26.25	26.165	0.085	0.281
86	20:50:52	98.333	162.333	26.275	26.219	0.056	0.251
87	20:51:42	98.333	170.222	26.275	26.21	0.065	0.281
88	20:52:30	98.333	178.111	26.274	26.229	0.045	0.282
89	20:53:15	98.333	186.0	26.274	26.247	0.027	0.276
90	20:53:56	106.0	115.0	26.09	26.018	0.072	0.259
91	20:54:40	106.0	122.889	26.112	26.066	0.046	0.251
92	20:55:23	106.0	130.778	25.867	26.093	-0.226	0.251
93	20:56:08	106.0	138.667	26.111	26.116	-0.005	0.247
94	20:56:48	106.0	146.556	26.21	26.146	0.064	0.256
95	20:57:32	106.0	154.444	26.25	26.188	0.062	0.201
96	20:58:13	106.0	162.333	26.275	26.195	0.08	0.272
97	20:58:58	106.0	170.222	26.274	26.221	0.053	0.276
98	20:59:42	106.0	178.111	26.274	26.24	0.034	0.277
99	21:00:31	106.0	186.0	26.275	26.218	0.057	0.282
