002:11:06	39.0	116.5	26.748	26.644	0.104	0.119
102:11:49	39.0	135.167	26.788	26.671	0.117	0.181
202:12:32	39.0	153.833	26.846	26.738	0.108	0.174
302:13:19	39.0	172.5	26.923	26.777	0.146	0.2
402:14:02	64.0	116.5	26.75	26.62	0.13	0.194
502:14:45	64.0	135.167	26.802	26.682	0.12	0.17
602:15:28	64.0	153.833	26.871	26.744	0.127	0.188
702:16:15	64.0	172.5	26.946	26.771	0.175	0.201
802:16:59	89.0	116.5	26.754	26.627	0.127	0.192
902:17:46	89.0	135.167	26.808	26.665	0.143	0.2
1002:18:33	89.0	153.833	26.881	26.737	0.144	0.201
1102:19:20	89.0	172.5	26.952	26.775	0.177	0.201
1202:20:04	114.0	116.5	26.765	26.657	0.108	0.172
1302:20:47	114.0	135.167	26.825	26.725	0.1	0.161
1402:21:29	114.0	153.833	26.888	26.776	0.112	0.175
1502:22:16	114.0	172.5	26.965	26.816	0.149	0.2
1602:23:07	39.0	116.5	26.489	26.647	-0.158	0.119
1702:23:53	39.0	135.167	26.79	26.647	0.143	0.201
1802:24:39	39.0	153.833	26.846	26.754	0.092	0.12
1902:25:22	39.0	172.5	26.919	26.783	0.136	0.199
2002:26:09	64.0	116.5	26.489	26.62	-0.131	0.191
2102:26:55	64.0	135.167	26.806	26.648	0.158	0.2
2202:27:38	64.0	153.833	26.871	26.729	0.142	0.188
2302:28:25	64.0	172.5	26.942	26.767	0.175	0.201
2402:29:12	89.0	116.5	26.489	26.629	-0.14	0.188
2502:29:59	89.0	135.167	26.815	26.647	0.168	0.201
2602:30:45	89.0	153.833	26.881	26.732	0.149	0.201
2702:31:34	89.0	172.5	26.895	26.749	0.146	0.27
2802:32:21	114.0	116.5	26.767	26.675	0.092	0.12
2902:33:04	114.0	135.167	26.825	26.698	0.127	0.191
3002:33:46	114.0	153.833	26.894	26.778	0.116	0.173
3102:34:29	114.0	172.5	26.963	26.816	0.147	0.197
3202:35:16	39.0	116.5	26.736	26.654	0.082	0.12
3302:35:59	39.0	135.167	26.792	26.658	0.134	0.198
3402:36:42	39.0	153.833	26.852	26.75	0.102	0.166
3502:37:25	39.0	172.5	26.921	26.783	0.138	0.185
3602:38:09	64.0	116.5	26.754	26.615	0.139	0.199
3702:38:56	64.0	135.167	26.806	26.652	0.154	0.201
3802:39:39	64.0	153.833	26.871	26.73	0.141	0.201
3902:40:26	64.0	172.5	26.94	26.767	0.173	0.201
4002:41:16	89.0	116.5	26.489	26.595	-0.106	0.201
4102:42:03	89.0	135.167	26.817	26.655	0.162	0.2
4202:42:50	89.0	153.833	26.881	26.731	0.15	0.201
4302:43:34	89.0	172.5	26.952	26.746	0.206	0.257
4402:44:21	114.0	116.5	26.765	26.684	0.081	0.12
4502:45:04	114.0	135.167	26.829	26.697	0.132	0.192
4602:45:46	114.0	153.833	26.888	26.762	0.126	0.19
4702:46:37	114.0	172.5	26.895	26.801	0.094	0.2
4802:47:27	39.0	116.5	26.489	26.647	-0.158	3.5527136788e-15
4902:48:14	39.0	135.167	26.792	26.646	0.146	0.201
5002:48:57	39.0	153.833	26.854	26.753	0.101	0.163
5102:49:45	39.0	172.5	26.921	26.779	0.142	0.201
5202:50:29	64.0	116.5	26.748	26.626	0.122	0.185
5302:51:11	64.0	135.167	26.806	26.676	0.13	0.195
5402:51:54	64.0	153.833	26.871	26.74	0.131	0.178
5502:52:41	64.0	172.5	26.942	26.779	0.163	0.201
5602:53:29	89.0	116.5	26.756	26.586	0.17	0.201
5702:54:15	89.0	135.167	26.817	26.654	0.163	0.2
5802:55:02	89.0	153.833	26.881	26.733	0.148	0.201
5902:55:50	89.0	172.5	26.893	26.75	0.143	0.266
6002:56:34	114.0	116.5	26.767	26.645	0.122	0.184
6102:57:17	114.0	135.167	26.829	26.696	0.133	0.195
6202:57:59	114.0	153.833	26.89	26.769	0.121	0.183
6302:58:50	114.0	172.5	26.895	26.798	0.097	0.201
6402:59:41	39.0	116.5	26.487	26.655	-0.168	0.109
6503:00:27	39.0	135.167	26.794	26.646	0.148	0.201
6603:01:13	39.0	153.833	26.85	26.751	0.099	0.12
6703:02:00	39.0	172.5	26.921	26.771	0.15	0.2
6803:02:47	64.0	116.5	26.489	26.63	-0.141	0.167
6903:03:30	64.0	135.167	26.806	26.673	0.133	0.198
7003:04:13	64.0	153.833	26.869	26.736	0.133	0.181
7103:04:59	64.0	172.5	26.94	26.776	0.164	0.201
7203:05:50	89.0	116.5	26.489	26.582	-0.093	0.201
7303:06:37	89.0	135.167	26.815	26.644	0.171	0.2
7403:07:24	89.0	153.833	26.877	26.726	0.151	0.201
7503:08:08	89.0	172.5	26.95	26.752	0.198	0.25
7603:08:52	114.0	116.5	26.767	26.616	0.151	0.196
7703:09:35	114.0	135.167	26.829	26.691	0.138	0.198
7803:10:18	114.0	153.833	26.885	26.745	0.14	0.193
7903:11:09	114.0	172.5	26.893	26.799	0.094	0.201
8003:11:56	39.0	116.5	26.736	26.64	0.096	0.119
8103:12:39	39.0	135.167	26.794	26.659	0.135	0.197
8203:13:22	39.0	153.833	26.852	26.737	0.115	0.178
8303:14:04	39.0	172.5	26.923	26.769	0.154	0.198
8403:14:52	64.0	116.5	26.75	26.605	0.145	0.2
8503:15:35	64.0	135.167	26.806	26.673	0.133	0.198
8603:16:18	64.0	153.833	26.869	26.743	0.126	0.19
8703:17:05	64.0	172.5	26.944	26.764	0.18	0.201
8803:17:49	89.0	116.5	26.754	26.603	0.151	0.199
8903:18:36	89.0	135.167	26.817	26.666	0.151	0.201
9003:19:22	89.0	153.833	26.881	26.729	0.152	0.201
9103:20:06	89.0	172.5	26.952	26.734	0.218	0.268
9203:20:51	114.0	116.5	26.765	26.615	0.15	0.197
9303:21:33	114.0	135.167	26.829	26.694	0.135	0.183
9403:22:20	114.0	153.833	26.89	26.743	0.147	0.201
9503:23:11	114.0	172.5	26.895	26.795	0.1	0.2
9603:24:01	39.0	116.5	26.489	26.662	-0.173	0.119
9703:24:44	39.0	135.167	26.792	26.661	0.131	0.195
9803:25:27	39.0	153.833	26.85	26.729	0.121	0.184
9903:26:10	39.0	172.5	26.91	26.781	0.129	0.197
10003:26:53	64.0	116.5	26.75	26.623	0.127	0.174
10103:27:36	64.0	135.167	26.806	26.67	0.136	0.187
10203:28:19	64.0	153.833	26.871	26.747	0.124	0.185
10303:29:06	64.0	172.5	26.938	26.774	0.164	0.201
10403:29:57	89.0	116.5	26.489	26.59	-0.101	0.201
10503:30:43	89.0	135.167	26.819	26.654	0.165	0.201
10603:31:30	89.0	153.833	26.881	26.726	0.155	0.201
10703:32:14	89.0	172.5	26.946	26.739	0.207	0.258
10803:32:58	114.0	116.5	26.765	26.613	0.152	0.198
10903:33:41	114.0	135.167	26.829	26.693	0.136	0.184
11003:34:27	114.0	153.833	26.89	26.74	0.15	0.2
11103:35:14	114.0	172.5	26.96	26.808	0.152	0.2
11203:36:05	39.0	116.5	26.487	26.647	-0.16	0.12
11303:36:51	39.0	135.167	26.79	26.651	0.139	0.201
11403:37:34	39.0	153.833	26.852	26.722	0.13	0.179
11503:38:17	39.0	172.5	26.915	26.779	0.136	0.199
11603:39:01	64.0	116.5	26.75	26.607	0.143	0.203
11703:39:44	64.0	135.167	26.813	26.667	0.146	0.194
11803:40:26	64.0	153.833	26.871	26.748	0.123	0.188
11903:41:13	64.0	172.5	26.938	26.769	0.169	0.201
12003:42:01	89.0	116.5	26.748	26.589	0.159	0.2
12103:42:48	89.0	135.167	26.817	26.641	0.176	0.2
12203:43:35	89.0	153.833	26.881	26.73	0.151	0.201
12303:44:19	89.0	172.5	26.946	26.73	0.216	0.278
12403:45:06	114.0	116.5	26.765	26.609	0.156	0.201
12503:45:49	114.0	135.167	26.829	26.692	0.137	0.184
12603:46:36	114.0	153.833	26.888	26.739	0.149	0.201
12703:47:23	114.0	172.5	26.952	26.801	0.151	0.2
12803:48:10	39.0	116.5	26.736	26.64	0.096	0.119
12903:48:53	39.0	135.167	26.794	26.658	0.136	0.197
13003:49:36	39.0	153.833	26.854	26.723	0.131	0.192
13103:50:22	39.0	172.5	26.91	26.771	0.139	0.2
13203:51:09	64.0	116.5	26.487	26.609	-0.122	0.199
13303:51:57	64.0	135.167	26.813	26.673	0.14	0.201
13403:52:39	64.0	153.833	26.869	26.749	0.12	0.183
13503:53:26	64.0	172.5	26.935	26.775	0.16	0.201
13603:54:14	89.0	116.5	26.752	26.589	0.163	0.201
13703:55:01	89.0	135.167	26.817	26.653	0.164	0.2
13803:55:48	89.0	153.833	26.879	26.726	0.153	0.201
13903:56:31	89.0	172.5	26.946	26.742	0.204	0.266
14003:57:16	114.0	116.5	26.761	26.609	0.152	0.202
14103:57:59	114.0	135.167	26.829	26.677	0.152	0.2
14203:58:45	114.0	153.833	26.894	26.736	0.158	0.201
14303:59:32	114.0	172.5	26.952	26.792	0.16	0.201
14404:00:20	39.0	116.5	26.449	26.63	-0.181	0.168
14504:01:07	39.0	135.167	26.794	26.647	0.147	0.201
14604:01:50	39.0	153.833	26.852	26.722	0.13	0.193
14704:02:33	39.0	172.5	26.91	26.783	0.127	0.194
14804:03:20	64.0	116.5	26.489	26.605	-0.116	0.191
14904:04:08	64.0	135.167	26.813	26.654	0.159	0.201
15004:04:51	64.0	153.833	26.869	26.748	0.121	0.173
15104:05:38	64.0	172.5	26.935	26.76	0.175	0.201
15204:06:29	89.0	116.5	26.489	26.596	-0.107	0.201
15304:07:15	89.0	135.167	26.815	26.65	0.165	0.2
15404:07:58	89.0	153.833	26.883	26.724	0.159	0.202
15504:08:42	89.0	172.5	26.946	26.739	0.207	0.269
15604:09:29	114.0	116.5	26.487	26.61	-0.123	0.201
15704:10:12	114.0	135.167	26.829	26.696	0.133	0.194
15804:10:59	114.0	153.833	26.888	26.741	0.147	0.201
15904:11:46	114.0	172.5	26.958	26.797	0.161	0.201
16004:12:34	39.0	116.5	26.491	26.632	-0.141	0.163
16104:13:21	39.0	135.167	26.792	26.643	0.149	0.201
16204:14:04	39.0	153.833	26.85	26.718	0.132	0.194
16304:14:51	39.0	172.5	26.913	26.771	0.142	0.201
16404:15:38	64.0	116.5	26.489	26.609	-0.12	0.186
16504:16:21	64.0	135.167	26.808	26.669	0.139	0.2
16604:17:03	64.0	153.833	26.867	26.75	0.117	0.18
16704:17:50	64.0	172.5	26.938	26.765	0.173	0.2
16804:18:41	89.0	116.5	26.489	26.594	-0.105	0.201
16904:19:28	89.0	135.167	26.817	26.658	0.159	0.201
17004:20:15	89.0	153.833	26.879	26.72	0.159	0.2
17104:20:59	89.0	172.5	26.946	26.738	0.208	0.258
17204:21:50	114.0	116.5	26.487	26.616	-0.129	0.201
17304:22:33	114.0	135.167	26.829	26.694	0.135	0.195
17404:23:20	114.0	153.833	26.885	26.738	0.147	0.198
17504:24:07	114.0	172.5	26.954	26.792	0.162	0.201
17604:24:57	39.0	116.5	26.487	26.641	-0.154	0.119
17704:25:44	39.0	135.167	26.79	26.635	0.155	0.2
17804:26:27	39.0	153.833	26.854	26.726	0.128	0.188
17904:27:14	39.0	172.5	26.91	26.769	0.141	0.201
18004:28:05	64.0	116.5	26.487	26.605	-0.118	0.2
18104:28:52	64.0	135.167	26.808	26.665	0.143	0.2
18204:29:35	64.0	153.833	26.867	26.749	0.118	0.183
18304:30:22	64.0	172.5	26.94	26.781	0.159	0.201
18404:31:09	89.0	116.5	26.748	26.59	0.158	0.201
18504:31:56	89.0	135.167	26.813	26.649	0.164	0.201
18604:32:43	89.0	153.833	26.877	26.721	0.156	0.2
18704:33:31	89.0	172.5	26.895	26.757	0.138	0.253
18804:34:15	114.0	116.5	26.763	26.61	0.153	0.2
18904:34:58	114.0	135.167	26.829	26.693	0.136	0.183
19004:35:45	114.0	153.833	26.888	26.742	0.146	0.201
19104:36:32	114.0	172.5	26.96	26.806	0.154	0.201
19204:37:16	39.0	116.5	26.738	26.635	0.103	0.162
19304:38:03	39.0	135.167	26.79	26.634	0.156	0.201
19404:38:46	39.0	153.833	26.85	26.713	0.137	0.187
19504:39:29	39.0	172.5	26.913	26.781	0.132	0.198
19604:40:13	64.0	116.5	26.748	26.607	0.141	0.203
19704:40:56	64.0	135.167	26.804	26.678	0.126	0.196
19804:41:38	64.0	153.833	26.867	26.744	0.123	0.177
19904:42:25	64.0	172.5	26.938	26.76	0.178	0.201
20004:43:16	89.0	116.5	26.489	26.594	-0.105	0.201
20104:44:03	89.0	135.167	26.817	26.668	0.149	0.201
20204:44:50	89.0	153.833	26.881	26.719	0.162	0.201
20304:45:34	89.0	172.5	26.948	26.74	0.208	0.272
20404:46:25	114.0	116.5	26.489	26.616	-0.127	0.201
20504:47:08	114.0	135.167	26.827	26.697	0.13	0.192
20604:47:55	114.0	153.833	26.888	26.745	0.143	0.2
20704:48:42	114.0	172.5	26.956	26.79	0.166	0.201
