#	19-02-07-17-33
#	speed = 25
#	19-02-07-17-35
#	speed = 25
#	19-02-07-17-37
#	speed = 25
[250.0, 200.0, 18.942]
[250.0, 200.0, 18.95]
[250.0, 200.0, 18.948]
[250.0, 200.0, 18.929]
[250.0, 200.0, 18.927]
[250.0, 200.0, 18.932]
[250.0, 200.0, 18.927]
[250.0, 200.0, 18.929]
[250.0, 200.0, 18.929]
[250.0, 200.0, 18.932]
[250.0, 200.0, 18.932]
[250.0, 200.0, 18.932]
[250.0, 200.0, 18.929]
[250.0, 200.0, 18.929]
[250.0, 200.0, 18.929]
[250.0, 200.0, 18.929]
[250.0, 200.0, 18.929]
[250.0, 200.0, 18.934]
[250.0, 200.0, 18.932]
[250.0, 200.0, 18.932]
[250.0, 200.0, 18.932]
[250.0, 200.0, 18.927]
[250.0, 200.0, 18.934]
[250.0, 200.0, 18.932]
[250.0, 200.0, 18.932]
[250.0, 200.0, 18.934]
[250.0, 200.0, 18.929]
#	19-02-07-17-48
#	speed = 25
[250.0, 200.0, 18.913]
[250.0, 200.0, 18.908]
[250.0, 200.0, 18.908]
[250.0, 200.0, 18.915]
[250.0, 200.0, 18.91]
[250.0, 200.0, 18.912]
[250.0, 200.0, 18.912]
[250.0, 200.0, 18.91]
[250.0, 200.0, 18.91]
[250.0, 200.0, 18.915]
[250.0, 200.0, 18.912]
[250.0, 200.0, 18.912]
[250.0, 200.0, 18.91]
[250.0, 200.0, 18.91]
[250.0, 200.0, 18.912]
[250.0, 200.0, 18.915]
[250.0, 200.0, 18.91]
[250.0, 200.0, 18.912]
[250.0, 200.0, 18.915]
[250.0, 200.0, 18.912]
[250.0, 200.0, 18.912]
[250.0, 200.0, 18.912]
[250.0, 200.0, 18.908]
[250.0, 200.0, 18.91]
[250.0, 200.0, 18.912]
[250.0, 200.0, 18.915]
[250.0, 200.0, 18.91]
[250.0, 200.0, 18.912]
[250.0, 200.0, 18.91]
[250.0, 200.0, 18.912]
[250.0, 200.0, 18.91]
[250.0, 200.0, 18.912]
[250.0, 200.0, 18.915]
[250.0, 200.0, 18.912]
[250.0, 200.0, 18.912]
[250.0, 200.0, 18.912]
[250.0, 200.0, 18.915]
[250.0, 200.0, 18.91]
[250.0, 200.0, 18.915]
[250.0, 200.0, 18.91]
[250.0, 200.0, 18.91]
[250.0, 200.0, 18.908]
[250.0, 200.0, 18.915]
[250.0, 200.0, 18.91]
[250.0, 200.0, 18.908]
[250.0, 200.0, 18.912]
[250.0, 200.0, 18.915]
[250.0, 200.0, 18.912]
[250.0, 200.0, 18.908]
[250.0, 200.0, 18.91]
[250.0, 200.0, 18.91]
[250.0, 200.0, 18.908]
[250.0, 200.0, 18.908]
[250.0, 200.0, 18.908]
[250.0, 200.0, 18.91]
[250.0, 200.0, 18.912]
[250.0, 200.0, 18.912]
[250.0, 200.0, 18.91]
[250.0, 200.0, 18.912]
[250.0, 200.0, 18.908]
[250.0, 200.0, 18.91]
[250.0, 200.0, 18.91]
[250.0, 200.0, 18.908]
[250.0, 200.0, 18.915]
[250.0, 200.0, 18.912]
[250.0, 200.0, 18.91]
[250.0, 200.0, 18.908]
[250.0, 200.0, 18.91]
[250.0, 200.0, 18.908]
[250.0, 200.0, 18.91]
[250.0, 200.0, 18.908]
[250.0, 200.0, 18.91]
[250.0, 200.0, 18.915]
[250.0, 200.0, 18.912]
[250.0, 200.0, 18.91]
[250.0, 200.0, 18.912]
[250.0, 200.0, 18.912]
[250.0, 200.0, 18.91]
[250.0, 200.0, 18.908]
[250.0, 200.0, 18.91]
[250.0, 200.0, 18.915]
[250.0, 200.0, 18.91]
[250.0, 200.0, 18.91]
[250.0, 200.0, 18.908]
[250.0, 200.0, 18.908]
[250.0, 200.0, 18.908]
[250.0, 200.0, 18.91]
[250.0, 200.0, 18.908]
[250.0, 200.0, 18.908]
[250.0, 200.0, 18.912]
[250.0, 200.0, 18.91]
[250.0, 200.0, 18.91]
[250.0, 200.0, 18.908]
[250.0, 200.0, 18.91]
[250.0, 200.0, 18.908]
[250.0, 200.0, 18.908]
[250.0, 200.0, 18.908]
[250.0, 200.0, 18.908]
[250.0, 200.0, 18.908]
[250.0, 200.0, 18.908]
